21
32
34
43
41
37
43
33
32
32
33
42
29
44
45
35
35
39
43
30
34
43
30
33
32
41
35
38
39
35
35
36
32
33
35
33
42
27
32
46
36
34
35
40
30
34
29
44
33
39
40
36
42
44
35
32
34
28
45
26
43
44
43
34
34
42
36
32
34
33
30
32
28
30
34
30
42
35
32
29
27
40
31
27
31
36
31
47
34
35
33
31
28
39
45
35
43
42
42
37
41
34
30
39
44
34
45
32
34
43
32
35
41
41
33
30
35
41
34
37
32
36
32
43
33
35
42
34
32
43
32
40
33
32
43
44
29
32
31
43
41
31
42
35
26
36
33
41
30
32
37
31
33
32
33
38
29
35
33
35
33
34
45
33
33
32
44
40
33
32
36
34
29
33
35
43
39
32
30
32
37
45
28
35
43
45
33
35
39
34
41
31
31
39
39
33
43
27
34
30
33
44
41
35
33
40
33
35
31
33
38
40
36
33
36
31
33
33
32
40
37
35
40
40
29
34
32
43
43
42
34
46
35
43
35
32
40
31
32
44
42
27
38
41
33
32
32
35
29
42
32
35
35
33
29
43
32
30
31
43
42
43
42
32
31
42
30
44
33
34
32
33
40
37
43
37
37
34
40
41
38
28
31
37
40
39
39
37
34
40
41
35
31
31
35
31
28
35
39
34
28
34
34
34
36
39
30
45
45
41
30
39
31
42
28
44
33
30
30
41
36
34
41
47
46
30
34
38
44
33
34
46
46
33
44
34
36
33
45
44
33
44
29
43
43
35
38
30
35
45
39
34
36
37
34
31
34
44
43
30
30
34
38
40
35
32
32
39
40
43
31
32
41
32
43
39
30
33
30
32
30
26
32
45
34
38
32
34
38
42
33
34
33
42
42
36
31
28
30
44
34
43
43
42
46
43
45
34
42
36
37
39
33
37
32
44
36
43
43
38
39
45
32
36
32
33
42
35
35
31
42
41
30
37
40
40
41
36
42
40
30
35
46
45
32
30
44
36
38
36
29
31
31
28
34
40
45
31
31
31
33
34
33
42
40
29
32
40
36
42
33
42
38
41
29
41
43
41
32
34
32
33
43
31
34
33
34
32
37
38
43
43
33
35
31
41
42
35
46
33
33
35
33
43
31
35
28
37
31
40
44
37
41
34
27
33
41
34
41
41
34
45
41
29
32
34
37
29
42
41
31
45
38
46
28
36
41
32
32
29
45
43
44
30
42
43
36
43
31
38
33
33
45
32
32
42
37
32
44
36
40
44
46
31
37
43
47
31
33
36
32
32
39
33
33
44
34
32
32
30
37
33
40
39
35
32
37
31
42
33
43
42
35
33
25
33
30
41
40
34
36
30
42
41
47
31
29
36
40
35
40
39
46
44
39
34
33
47
42
45
33
36
39
42
32
29
31
43
35
39
43
32
39
32
32
46
45
34
36
31
46
31
36
35
46
30
38
43
35
35
32
40
29
31
40
43
44
29
34
35
43
32
39
44
32
35
41
35
34
42
45
29
34
42
45
41
34
32
33
41
38
33
33
31
34
35
34
44
32
32
40
44
41
33
33
31
35
40
42
40
35
46
41
33
40
28
33
33
36
31
34
42
28
43
46
35
41
33
41
32
34
44
40
33
44
32
45
31
36
43
31
31
42
44
31
45
33
40
35
28
34
35
32
40
43
46
32
42
33
33
31
37
33
43
44
43
45
35
32
41
29
42
33
45
32
45
42
43
45
35
31
42
42
46
29
35
34
34
32
31
33
41
40
44
24
35
35
31
24
30
42
28
31
33
39
40
43
32
39
31
28
44
43
35
29
31
45
34
36
45
40
33
40
34
32
27
38
32
41
35
40
29
30
31
33
35
40
42
43
42
40
32
32
35
46
41
30
38
28
32
32
42
38
35
31
45
47
29
44
44
26
31
34
33
41
45
39
36
33
39
37
35
30
32
37
42
41
30
35
42
39
32
32
34
46
30
42
40
44
34
40
43
32
32
43
31
33
32
31
41
32
35
35
30
30
40
32
33
40
36
37
31
45
33
42
45
35
35
50
41
43
33
35
32
34
36
35
33
40
43
33
35
33
36
26
36
32
43
38
37
35
34
42
34
30
32
31
33
31
39
32
44
42
42
31
38
42
38
47
42
32
44
37
30
42
35
31
41
28
44
45
33
41
33
30
41
44
32
36
29
28
37
34
35
33
40
34
43
30
40
43
31
43
35
35
33
41
42
29
42
40
34
33
33
46
25
41
33
36
41